0.0000          0.0000         0.0000
0.010000        0.0099996      -8.0565E-5
0.020000        0.019997       -3.2128E-4
0.030000        0.029989       -7.2019E-4
0.040000        0.039973       -0.0012753
0.050000        0.049948       -0.0019845
0.060000        0.059910       -0.0028458
0.070000        0.069859       -0.0038571
0.080000        0.079792       -0.0050162
0.090000        0.089706       -0.0063211
0.10000         0.099600       -0.0077696
0.11000         0.10947        -0.0093594
0.12000         0.11932        -0.011089
0.13000         0.12915        -0.012955
0.14000         0.13894        -0.014956
0.15000         0.14871        -0.017089
0.16000         0.15845        -0.019353
0.17000         0.16816        -0.021745
0.18000         0.17784        -0.024263
0.19000         0.18749        -0.026905
0.20000         0.19710        -0.029669
0.21000         0.20667        -0.032552
0.22000         0.21621        -0.035552
0.23000         0.22571        -0.038667
0.24000         0.23518        -0.041895
0.25000         0.24460        -0.045234
0.26000         0.25399        -0.048681
0.27000         0.26334        -0.052234
0.28000         0.27265        -0.055892
0.29000         0.28191        -0.059652
0.30000         0.29114        -0.063512
0.31000         0.30032        -0.067470
0.32000         0.30946        -0.071524
0.33000         0.31856        -0.075672
0.34000         0.32762        -0.079912
0.35000         0.33663        -0.084242
0.36000         0.34560        -0.088660
0.37000         0.35453        -0.093164
0.38000         0.36342        -0.097752
0.39000         0.37226        -0.10242
0.40000         0.38106        -0.10717
0.41000         0.38982        -0.11200
0.42000         0.39853        -0.11691
0.43000         0.40720        -0.12189
0.44000         0.41583        -0.12694
0.45000         0.42442        -0.13206
0.46000         0.43296        -0.13726
0.47000         0.44147        -0.14252
0.48000         0.44993        -0.14784
0.49000         0.45835        -0.15324
0.50000         0.46673        -0.15869
0.51000         0.47508        -0.16420
0.52000         0.48338        -0.16978
0.53000         0.49164        -0.17541
0.54000         0.49987        -0.18110
0.55000         0.50805        -0.18684
0.56000         0.51620        -0.19264
0.57000         0.52431        -0.19849
0.58000         0.53239        -0.20439
0.59000         0.54043        -0.21033
0.60000         0.54843        -0.21633
0.61000         0.55640        -0.22237
0.62000         0.56434        -0.22845
0.63000         0.57224        -0.23458
0.64000         0.58011        -0.24075
0.65000         0.58795        -0.24696
0.66000         0.59576        -0.25320
0.67000         0.60354        -0.25949
0.68000         0.61128        -0.26581
0.69000         0.61900        -0.27217
0.70000         0.62669        -0.27856
0.71000         0.63436        -0.28498
0.72000         0.64200        -0.29144
0.73000         0.64961        -0.29792
0.74000         0.65720        -0.30444
0.75000         0.66476        -0.31098
0.76000         0.67230        -0.31755
0.77000         0.67982        -0.32414
0.78000         0.68732        -0.33076
0.79000         0.69479        -0.33740
0.80000         0.70225        -0.34406
0.81000         0.70969        -0.35074
0.82000         0.71711        -0.35745
0.83000         0.72451        -0.36417
0.84000         0.73190        -0.37091
0.85000         0.73927        -0.37766
0.86000         0.74663        -0.38444
0.87000         0.75398        -0.39122
0.88000         0.76131        -0.39802
0.89000         0.76863        -0.40483
0.90000         0.77594        -0.41165
0.91000         0.78325        -0.41849
0.92000         0.79054        -0.42533
0.93000         0.79783        -0.43218
0.94000         0.80510        -0.43903
0.95000         0.81238        -0.44590
0.96000         0.81965        -0.45276
0.97000         0.82691        -0.45964
0.98000         0.83417        -0.46651
0.99000         0.84143        -0.47339
1.0000          0.84869        -0.48026
