0.0000          0.0000         0.0000
0.010000        0.0099998      -5.7997E-5
0.020000        0.019998       -2.3134E-4
0.030000        0.029994       -5.1874E-4
0.040000        0.039986       -9.1888E-4
0.050000        0.049973       -0.0014305
0.060000        0.059953       -0.0020521
0.070000        0.069927       -0.0027825
0.080000        0.079891       -0.0036203
0.090000        0.089847       -0.0045641
0.10000         0.099792       -0.0056126
0.11000         0.10973        -0.0067644
0.12000         0.11965        -0.0080182
0.13000         0.12955        -0.0093724
0.14000         0.13945        -0.010826
0.15000         0.14933        -0.012377
0.16000         0.15919        -0.014024
0.17000         0.16904        -0.015767
0.18000         0.17887        -0.017603
0.19000         0.18868        -0.019531
0.20000         0.19847        -0.021550
0.21000         0.20825        -0.023659
0.22000         0.21800        -0.025855
0.23000         0.22774        -0.028138
0.24000         0.23746        -0.030506
0.25000         0.24715        -0.032958
0.26000         0.25682        -0.035493
0.27000         0.26648        -0.038109
0.28000         0.27611        -0.040804
0.29000         0.28571        -0.043578
0.30000         0.29530        -0.046429
0.31000         0.30486        -0.049355
0.32000         0.31440        -0.052356
0.33000         0.32392        -0.055430
0.34000         0.33341        -0.058575
0.35000         0.34288        -0.061791
0.36000         0.35232        -0.065075
0.37000         0.36174        -0.068428
0.38000         0.37114        -0.071847
0.39000         0.38051        -0.075331
0.40000         0.38986        -0.078879
0.41000         0.39919        -0.082489
0.42000         0.40849        -0.086161
0.43000         0.41777        -0.089892
0.44000         0.42702        -0.093683
0.45000         0.43625        -0.097531
0.46000         0.44546        -0.10144
0.47000         0.45464        -0.10539
0.48000         0.46380        -0.10941
0.49000         0.47294        -0.11347
0.50000         0.48205        -0.11759
0.51000         0.49114        -0.12176
0.52000         0.50021        -0.12598
0.53000         0.50925        -0.13024
0.54000         0.51827        -0.13455
0.55000         0.52727        -0.13891
0.56000         0.53625        -0.14331
0.57000         0.54521        -0.14776
0.58000         0.55415        -0.15224
0.59000         0.56306        -0.15677
0.60000         0.57196        -0.16134
0.61000         0.58084        -0.16595
0.62000         0.58969        -0.17059
0.63000         0.59853        -0.17527
0.64000         0.60734        -0.17999
0.65000         0.61614        -0.18474
0.66000         0.62492        -0.18953
0.67000         0.63369        -0.19435
0.68000         0.64243        -0.19920
0.69000         0.65116        -0.20408
0.70000         0.65987        -0.20899
0.71000         0.66857        -0.21393
0.72000         0.67725        -0.21889
0.73000         0.68591        -0.22388
0.74000         0.69456        -0.22890
0.75000         0.70320        -0.23394
0.76000         0.71182        -0.23901
0.77000         0.72043        -0.24409
0.78000         0.72903        -0.24920
0.79000         0.73761        -0.25433
0.80000         0.74618        -0.25948
0.81000         0.75475        -0.26465
0.82000         0.76330        -0.26983
0.83000         0.77184        -0.27503
0.84000         0.78037        -0.28025
0.85000         0.78889        -0.28548
0.86000         0.79740        -0.29073
0.87000         0.80591        -0.29599
0.88000         0.81441        -0.30126
0.89000         0.82290        -0.30654
0.90000         0.83139        -0.31183
0.91000         0.83987        -0.31713
0.92000         0.84834        -0.32244
0.93000         0.85681        -0.32776
0.94000         0.86528        -0.33308
0.95000         0.87374        -0.33841
0.96000         0.88220        -0.34374
0.97000         0.89065        -0.34908
0.98000         0.89911        -0.35441
0.99000         0.90756        -0.35975
1.0000          0.91602        -0.36510
