0.0000          0.0000         0.0000
0.010000        0.0099993      -9.9399E-5
0.020000        0.019995       -3.9628E-4
0.030000        0.029983       -8.8800E-4
0.040000        0.039959       -0.0015718
0.050000        0.049921       -0.0024450
0.060000        0.059864       -0.0035046
0.070000        0.069786       -0.0047478
0.080000        0.079684       -0.0061717
0.090000        0.089555       -0.0077733
0.10000         0.099396       -0.0095496
0.11000         0.10920        -0.011498
0.12000         0.11898        -0.013614
0.13000         0.12871        -0.015897
0.14000         0.13841        -0.018342
0.15000         0.14806        -0.020946
0.16000         0.15768        -0.023707
0.17000         0.16724        -0.026621
0.18000         0.17676        -0.029685
0.19000         0.18623        -0.032897
0.20000         0.19565        -0.036253
0.21000         0.20502        -0.039750
0.22000         0.21434        -0.043385
0.23000         0.22360        -0.047155
0.24000         0.23280        -0.051058
0.25000         0.24196        -0.055090
0.26000         0.25105        -0.059248
0.27000         0.26009        -0.063529
0.28000         0.26907        -0.067931
0.29000         0.27799        -0.072451
0.30000         0.28685        -0.077086
0.31000         0.29565        -0.081833
0.32000         0.30439        -0.086689
0.33000         0.31307        -0.091652
0.34000         0.32169        -0.096720
0.35000         0.33025        -0.10189
0.36000         0.33875        -0.10716
0.37000         0.34719        -0.11252
0.38000         0.35557        -0.11798
0.39000         0.36389        -0.12353
0.40000         0.37215        -0.12917
0.41000         0.38035        -0.13489
0.42000         0.38849        -0.14070
0.43000         0.39657        -0.14659
0.44000         0.40459        -0.15256
0.45000         0.41255        -0.15861
0.46000         0.42046        -0.16474
0.47000         0.42830        -0.17094
0.48000         0.43609        -0.17720
0.49000         0.44383        -0.18354
0.50000         0.45151        -0.18995
0.51000         0.45913        -0.19642
0.52000         0.46670        -0.20295
0.53000         0.47422        -0.20955
0.54000         0.48169        -0.21620
0.55000         0.48910        -0.22291
0.56000         0.49646        -0.22968
0.57000         0.50377        -0.23650
0.58000         0.51104        -0.24337
0.59000         0.51825        -0.25030
0.60000         0.52542        -0.25727
0.61000         0.53254        -0.26429
0.62000         0.53962        -0.27136
0.63000         0.54665        -0.27847
0.64000         0.55364        -0.28562
0.65000         0.56058        -0.29282
0.66000         0.56748        -0.30005
0.67000         0.57435        -0.30732
0.68000         0.58117        -0.31463
0.69000         0.58796        -0.32198
0.70000         0.59471        -0.32936
0.71000         0.60142        -0.33677
0.72000         0.60810        -0.34421
0.73000         0.61475        -0.35168
0.74000         0.62136        -0.35919
0.75000         0.62794        -0.36672
0.76000         0.63449        -0.37427
0.77000         0.64101        -0.38185
0.78000         0.64750        -0.38946
0.79000         0.65397        -0.39709
0.80000         0.66041        -0.40474
0.81000         0.66683        -0.41241
0.82000         0.67322        -0.42010
0.83000         0.67959        -0.42780
0.84000         0.68594        -0.43553
0.85000         0.69227        -0.44327
0.86000         0.69858        -0.45103
0.87000         0.70488        -0.45880
0.88000         0.71116        -0.46658
0.89000         0.71742        -0.47437
0.90000         0.72367        -0.48218
0.91000         0.72991        -0.48999
0.92000         0.73614        -0.49782
0.93000         0.74235        -0.50565
0.94000         0.74856        -0.51349
0.95000         0.75476        -0.52134
0.96000         0.76096        -0.52919
0.97000         0.76715        -0.53704
0.98000         0.77334        -0.54490
0.99000         0.77952        -0.55276
1.0000          0.78570        -0.56062
