0.0000          0.0000         0.0000
0.010000        0.0099999      -3.0872E-5
0.020000        0.019999       -1.2317E-4
0.030000        0.029998       -2.7625E-4
0.040000        0.039996       -4.8948E-4
0.050000        0.049992       -7.6220E-4
0.060000        0.059987       -0.0010938
0.070000        0.069979       -0.0014836
0.080000        0.079969       -0.0019309
0.090000        0.089956       -0.0024351
0.10000         0.099941       -0.0029956
0.11000         0.10992        -0.0036118
0.12000         0.11990        -0.0042828
0.13000         0.12987        -0.0050082
0.14000         0.13984        -0.0057872
0.15000         0.14981        -0.0066191
0.16000         0.15977        -0.0075035
0.17000         0.16972        -0.0084394
0.18000         0.17968        -0.0094265
0.19000         0.18962        -0.010464
0.20000         0.19956        -0.011551
0.21000         0.20950        -0.012687
0.22000         0.21943        -0.013872
0.23000         0.22935        -0.015104
0.24000         0.23927        -0.016383
0.25000         0.24918        -0.017709
0.26000         0.25909        -0.019081
0.27000         0.26899        -0.020497
0.28000         0.27888        -0.021958
0.29000         0.28876        -0.023463
0.30000         0.29864        -0.025012
0.31000         0.30852        -0.026602
0.32000         0.31838        -0.028235
0.33000         0.32824        -0.029909
0.34000         0.33809        -0.031623
0.35000         0.34794        -0.033377
0.36000         0.35778        -0.035171
0.37000         0.36761        -0.037003
0.38000         0.37743        -0.038873
0.39000         0.38725        -0.040780
0.40000         0.39706        -0.042725
0.41000         0.40686        -0.044705
0.42000         0.41665        -0.046721
0.43000         0.42644        -0.048771
0.44000         0.43622        -0.050856
0.45000         0.44599        -0.052974
0.46000         0.45576        -0.055125
0.47000         0.46552        -0.057309
0.48000         0.47527        -0.059524
0.49000         0.48501        -0.061770
0.50000         0.49475        -0.064046
0.51000         0.50448        -0.066352
0.52000         0.51421        -0.068687
0.53000         0.52392        -0.071051
0.54000         0.53363        -0.073443
0.55000         0.54333        -0.075862
0.56000         0.55303        -0.078307
0.57000         0.56272        -0.080779
0.58000         0.57240        -0.083276
0.59000         0.58208        -0.085798
0.60000         0.59175        -0.088344
0.61000         0.60142        -0.090913
0.62000         0.61107        -0.093506
0.63000         0.62073        -0.096121
0.64000         0.63037        -0.098757
0.65000         0.64001        -0.10142
0.66000         0.64965        -0.10409
0.67000         0.65928        -0.10679
0.68000         0.66890        -0.10951
0.69000         0.67852        -0.11225
0.70000         0.68813        -0.11500
0.71000         0.69774        -0.11777
0.72000         0.70734        -0.12056
0.73000         0.71694        -0.12337
0.74000         0.72653        -0.12619
0.75000         0.73612        -0.12902
0.76000         0.74571        -0.13188
0.77000         0.75529        -0.13474
0.78000         0.76487        -0.13762
0.79000         0.77444        -0.14051
0.80000         0.78401        -0.14341
0.81000         0.79357        -0.14633
0.82000         0.80314        -0.14925
0.83000         0.81270        -0.15219
0.84000         0.82225        -0.15514
0.85000         0.83181        -0.15809
0.86000         0.84136        -0.16106
0.87000         0.85090        -0.16403
0.88000         0.86045        -0.16701
0.89000         0.86999        -0.16999
0.90000         0.87953        -0.17299
0.91000         0.88907        -0.17599
0.92000         0.89861        -0.17899
0.93000         0.90815        -0.18200
0.94000         0.91768        -0.18501
0.95000         0.92722        -0.18803
0.96000         0.93675        -0.19105
0.97000         0.94628        -0.19407
0.98000         0.95582        -0.19709
0.99000         0.96535        -0.20012
1.0000          0.97488        -0.20314
